07,10,14,31,32 + 02,07
03,14,16,20,31 + 03,06
01,06,25,30,34 + 05,11
04,06,13,25,31 + 07,11
05,09,10,12,18 + 06,11
02,06,09,16,27 + 03,08
02,18,19,27,30 + 07,08
06,16,17,20,31 + 08,10
09,11,18,32,33 + 04,06
08,09,11,25,31 + 03,07
03,07,17,22,32 + 03,10
06,13,14,21,35 + 02,08
08,12,13,28,31 + 05,07
22,28,30,32,34 + 01,12
02,11,12,17,33 + 02,12
10,25,27,30,35 + 08,11
02,08,14,15,17 + 07,10
06,12,16,22,34 + 01,04
04,12,17,25,30 + 08,10
02,06,19,20,27 + 05,11
06,08,09,17,25 + 06,09
01,13,14,17,33 + 03,09
01,16,22,27,32 + 01,12
14,29,31,34,35 + 07,08
03,11,13,26,30 + 01,06
